# Redshift z, Distance modulus mu (true function)
1.000000000000000021e-02 3.314500552466753192e+01
1.199199199199199248e-02 3.354285782251737658e+01
1.398398398398398301e-02 3.387994175298925370e+01
1.597597597597597702e-02 3.417250052572493502e+01
1.796796796796796755e-02 3.443102513794741526e+01
1.995995995995995809e-02 3.466268587671156354e+01
2.195195195195195209e-02 3.487260098547124443e+01
2.394394394394394263e-02 3.506455194658648367e+01
2.593593593593593316e-02 3.524141193622377699e+01
2.792792792792792717e-02 3.540541528284138906e+01
2.991991991991992117e-02 3.555833386607957891e+01
3.191191191191190824e-02 3.570159654331099830e+01
3.390390390390390224e-02 3.583637235111089581e+01
3.589589589589589624e-02 3.596362991642377693e+01
3.788788788788788331e-02 3.608418080073351319e+01
3.987987987987987731e-02 3.619871172490199029e+01
4.187187187187187132e-02 3.630780893127425912e+01
4.386386386386386532e-02 3.641197687849680875e+01
4.585585585585585239e-02 3.651165278100168621e+01
4.784784784784784639e-02 3.660721805448034161e+01
4.983983983983984040e-02 3.669900742528640336e+01
5.183183183183182746e-02 3.678731625356046209e+01
5.382382382382382147e-02 3.687240647459101694e+01
5.581581581581581547e-02 3.695451145992988984e+01
5.780780780780780254e-02 3.703384002570452083e+01
5.979979979979979654e-02 3.711057976159077754e+01
6.179179179179179054e-02 3.718489981409216938e+01
6.378378378378378455e-02 3.725695322806838305e+01
6.577577577577577161e-02 3.732687892806600871e+01
6.776776776776775868e-02 3.739480340396395519e+01
6.975975975975975962e-02 3.746084215235347159e+01
7.175175175175174669e-02 3.752510091493538624e+01
7.374374374374373375e-02 3.758767674729885755e+01
7.573573573573572082e-02 3.764865894521875589e+01
7.772772772772772176e-02 3.770812985067372836e+01
7.971971971971970883e-02 3.776616555585414403e+01
8.171171171171169589e-02 3.782283652026993082e+01
8.370370370370369684e-02 3.787820811352194283e+01
8.569569569569568390e-02 3.793234109422873246e+01
8.768768768768767097e-02 3.798529203391450437e+01
8.967967967967967191e-02 3.803711369327837843e+01
9.167167167167165898e-02 3.808785535712279824e+01
9.366366366366364604e-02 3.813756313327515102e+01
9.565565565565564699e-02 3.818628022004999423e+01
9.764764764764763405e-02 3.823404714614315481e+01
9.963963963963962112e-02 3.828090198629885776e+01
1.016316316316316221e-01 3.832688055562763907e+01
1.036236236236236091e-01 3.837201658506265289e+01
1.056156156156155962e-01 3.841634188010852569e+01
1.076076076076075971e-01 3.845988646475706929e+01
1.095995995995995842e-01 3.850267871220262350e+01
1.115915915915915851e-01 3.854474546378311572e+01
1.135835835835835722e-01 3.858611213739733614e+01
1.155755755755755593e-01 3.862680282649748165e+01
1.175675675675675602e-01 3.866684039062111822e+01
1.195595595595595473e-01 3.870624653831795570e+01
1.215515515515515343e-01 3.874504190322402764e+01
1.235435435435435353e-01 3.878324611395248667e+01
1.255355355355355362e-01 3.882087785839387095e+01
1.275275275275275233e-01 3.885795494295500419e+01
1.295195195195195104e-01 3.889449434720552290e+01
1.315115115115114974e-01 3.893051227435552164e+01
1.335035035035034845e-01 3.896602419793642014e+01
1.354954954954954993e-01 3.900104490502670984e+01
1.374874874874874864e-01 3.903558853632190306e+01
1.394794794794794734e-01 3.906966862332281920e+01
1.414714714714714605e-01 3.910329812288665607e+01
1.434634634634634753e-01 3.913648944936267782e+01
1.454554554554554624e-01 3.916925450451199708e+01
1.474474474474474495e-01 3.920160470539224207e+01
1.494394394394394365e-01 3.923355101037135739e+01
1.514314314314314236e-01 3.926510394341881494e+01
1.534234234234234107e-01 3.929627361680957165e+01
1.554154154154154255e-01 3.932706975236359881e+01
1.574074074074074125e-01 3.935750170133265158e+01
1.593993993993993996e-01 3.938757846303670362e+01
1.613913913913913867e-01 3.941730870234317763e+01
1.633833833833833737e-01 3.944670076607379627e+01
1.653753753753753608e-01 3.947576269841735552e+01
1.673673673673673756e-01 3.950450225542002869e+01
1.693593593593593627e-01 3.953292691861782515e+01
1.713513513513513498e-01 3.956104390787285041e+01
1.733433433433433368e-01 3.958886019346697793e+01
1.753353353353353239e-01 3.961638250750483792e+01
1.773273273273273110e-01 3.964361735467301884e+01
1.793193193193193258e-01 3.967057102239779454e+01
1.813113113113113128e-01 3.969724959044241075e+01
1.833033033033032999e-01 3.972365893997907449e+01
1.852952952952952870e-01 3.974980476217186265e+01
1.872872872872872740e-01 3.977569256629975314e+01
1.892792792792792611e-01 3.980132768745066585e+01
1.912712712712712759e-01 3.982671529381212849e+01
1.932632632632632630e-01 3.985186039358487875e+01
1.952552552552552501e-01 3.987676784154154319e+01
1.972472472472472371e-01 3.990144234525283906e+01
1.992392392392392242e-01 3.992588847100059013e+01
2.012312312312312113e-01 3.995011064939671996e+01
2.032232232232232261e-01 3.997411318072607855e+01
2.052152152152152131e-01 3.999790024002773947e+01
2.072072072072072002e-01 4.002147588193163585e+01
2.091991991991991873e-01 4.004484404526355945e+01
2.111911911911911743e-01 4.006800855743183831e+01
2.131831831831831892e-01 4.009097313860843315e+01
2.151751751751751762e-01 4.011374140571541602e+01
2.171671671671671633e-01 4.013631687622777378e+01
2.191591591591591504e-01 4.015870297180263293e+01
2.211511511511511374e-01 4.018090302174437767e+01
2.231431431431431245e-01 4.020292026631438631e+01
2.251351351351351393e-01 4.022475785989362862e+01
2.271271271271271264e-01 4.024641887400612461e+01
2.291191191191191134e-01 4.026790630021034900e+01
2.311111111111111005e-01 4.028922305286531014e+01
2.331031031031030876e-01 4.031037197177835196e+01
2.350950950950950746e-01 4.033135582473994418e+01
2.370870870870870895e-01 4.035217730995177021e+01
2.390790790790790765e-01 4.037283905835314357e+01
2.410710710710710636e-01 4.039334363585086862e+01
2.430630630630630507e-01 4.041369354545766157e+01
2.450550550550550377e-01 4.043389122934285496e+01
2.470470470470470248e-01 4.045393907080055840e+01
2.490390390390390396e-01 4.047383939613852277e+01
2.510310310310310267e-01 4.049359447649176502e+01
2.530230230230229860e-01 4.051320652956474078e+01
2.550150150150150008e-01 4.053267772130504198e+01
2.570070070070069601e-01 4.055201016751208698e+01
2.589989989989989749e-01 4.057120593538358833e+01
2.609909909909909898e-01 4.059026704500303850e+01
2.629829829829829491e-01 4.060919547077030956e+01
2.649749749749749639e-01 4.062799314277863516e+01
2.669669669669669787e-01 4.064666194813982258e+01
2.689589589589589380e-01 4.066520373226029506e+01
2.709509509509509528e-01 4.068362030007002517e+01
2.729429429429429121e-01 4.070191341720652645e+01
2.749349349349349270e-01 4.072008481115577183e+01
2.769269269269269418e-01 4.073813617235201434e+01
2.789189189189189011e-01 4.075606915523790974e+01
2.809109109109109159e-01 4.077388537928749912e+01
2.829029029029028752e-01 4.079158642999245643e+01
2.848948948948948900e-01 4.080917385981405943e+01
2.868868868868868494e-01 4.082664918910209906e+01
2.888788788788788642e-01 4.084401390698156575e+01
2.908708708708708790e-01 4.086126947220952843e+01
2.928628628628628383e-01 4.087841731400222045e+01
2.948548548548548531e-01 4.089545883283427941e+01
2.968468468468468124e-01 4.091239540121129181e+01
2.988388388388388273e-01 4.092922836441614720e+01
3.008308308308308421e-01 4.094595904123099217e+01
3.028228228228228014e-01 4.096258872463505440e+01
3.048148148148148162e-01 4.097911868247977907e+01
3.068068068068067755e-01 4.099555015814197390e+01
3.087987987987987903e-01 4.101188437115567353e+01
3.107907907907907497e-01 4.102812251782390263e+01
3.127827827827827645e-01 4.104426577181087055e+01
3.147747747747747793e-01 4.106031528471520176e+01
3.167667667667667386e-01 4.107627218662526047e+01
3.187587587587587534e-01 4.109213758665710969e+01
3.207507507507507127e-01 4.110791257347548822e+01
3.227427427427427276e-01 4.112359821579902786e+01
3.247347347347347424e-01 4.113919556288954027e+01
3.267267267267267017e-01 4.115470564502669504e+01
3.287187187187187165e-01 4.117012947396803213e+01
3.307107107107106758e-01 4.118546804339521117e+01
3.327027027027026906e-01 4.120072232934691669e+01
3.346946946946947055e-01 4.121589329063856155e+01
3.366866866866866648e-01 4.123098186927008157e+01
3.386786786786786796e-01 4.124598899082108261e+01
3.406706706706706389e-01 4.126091556483489597e+01
3.426626626626626537e-01 4.127576248519117286e+01
3.446546546546546130e-01 4.129053063046779926e+01
3.466466466466466279e-01 4.130522086429243700e+01
3.486386386386386427e-01 4.131983403568381163e+01
3.506306306306306020e-01 4.133437097938345062e+01
3.526226226226226168e-01 4.134883251617802102e+01
3.546146146146145761e-01 4.136321945321252258e+01
3.566066066066065909e-01 4.137753258429474812e+01
3.585985985985986058e-01 4.139177269019128858e+01
3.605905905905905651e-01 4.140594053891531701e+01
3.625825825825825799e-01 4.142003688600651401e+01
3.645745745745745392e-01 4.143406247480315585e+01
3.665665665665665540e-01 4.144801803670709717e+01
3.685585585585585133e-01 4.146190429144120060e+01
3.705505505505505282e-01 4.147572194730034312e+01
3.725425425425425430e-01 4.148947170139502560e+01
3.745345345345345023e-01 4.150315423988909913e+01
3.765265265265265171e-01 4.151677023823093293e+01
3.785185185185184764e-01 4.153032036137846461e+01
3.805105105105104912e-01 4.154380526401838125e+01
3.825025025025025061e-01 4.155722559077968015e+01
3.844944944944944654e-01 4.157058197644153097e+01
3.864864864864864802e-01 4.158387504613584440e+01
3.884784784784784395e-01 4.159710541554475327e+01
3.904704704704704543e-01 4.161027369109279306e+01
3.924624624624624136e-01 4.162338047013444964e+01
3.944544544544544284e-01 4.163642634113690377e+01
3.964464464464464433e-01 4.164941188385792259e+01
3.984384384384384026e-01 4.166233766951977202e+01
4.004304304304304174e-01 4.167520426097834729e+01
4.024224224224223767e-01 4.168801221288843806e+01
4.044144144144143915e-01 4.170076207186463790e+01
4.064064064064064064e-01 4.171345437663856615e+01
4.083983983983983657e-01 4.172608965821210347e+01
4.103903903903903805e-01 4.173866844000693277e+01
4.123823823823823398e-01 4.175119123801047749e+01
4.143743743743743546e-01 4.176365856091822337e+01
4.163663663663663694e-01 4.177607091027289954e+01
4.183583583583583287e-01 4.178842878060001453e+01
4.203503503503503436e-01 4.180073265954045070e+01
4.223423423423423029e-01 4.181298302797971189e+01
4.243343343343343177e-01 4.182518036017427931e+01
4.263263263263262770e-01 4.183732512387499014e+01
4.283183183183182918e-01 4.184941778044746741e+01
4.303103103103103066e-01 4.186145878498989248e+01
4.323023023023022660e-01 4.187344858644790691e+01
4.342942942942942808e-01 4.188538762772699187e+01
4.362862862862862401e-01 4.189727634580223281e+01
4.382782782782782549e-01 4.190911517182561852e+01
4.402702702702702697e-01 4.192090453123087457e+01
4.422622622622622290e-01 4.193264484383595203e+01
4.442542542542542439e-01 4.194433652394321399e+01
4.462462462462462032e-01 4.195597998043743360e+01
4.482382382382382180e-01 4.196757561688146154e+01
4.502302302302301773e-01 4.197912383161002481e+01
4.522222222222221921e-01 4.199062501782118062e+01
4.542142142142142069e-01 4.200207956366604378e+01
4.562062062062061663e-01 4.201348785233622607e+01
4.581981981981981811e-01 4.202485026214976926e+01
4.601901901901901404e-01 4.203616716663481157e+01
4.621821821821821552e-01 4.204743893461179738e+01
4.641741741741741700e-01 4.205866593027371891e+01
4.661661661661661293e-01 4.206984851326467378e+01
4.681581581581581442e-01 4.208098703875680968e+01
4.701501501501501035e-01 4.209208185752558506e+01
4.721421421421421183e-01 4.210313331602345954e+01
4.741341341341341331e-01 4.211414175645208502e+01
4.761261261261260924e-01 4.212510751683284127e+01
4.781181181181181072e-01 4.213603093107612096e+01
4.801101101101100666e-01 4.214691232904897333e+01
4.821021021021020814e-01 4.215775203664147597e+01
4.840940940940940407e-01 4.216855037583165711e+01
4.860860860860860555e-01 4.217930766474921711e+01
4.880780780780780703e-01 4.219002421773775779e+01
4.900700700700700296e-01 4.220070034541596726e+01
4.920620620620620445e-01 4.221133635473732681e+01
4.940540540540540038e-01 4.222193254904889415e+01
4.960460460460460186e-01 4.223248922814858730e+01
4.980380380380380334e-01 4.224300668834166572e+01
5.000300300300299927e-01 4.225348522249576888e+01
5.020220220220219520e-01 4.226392512009506675e+01
5.040140140140139113e-01 4.227432666729335864e+01
5.060060060060059817e-01 4.228469014696585759e+01
5.079979979979979410e-01 4.229501583876036364e+01
5.099899899899899003e-01 4.230530401914712257e+01
5.119819819819819706e-01 4.231555496146780371e+01
5.139739739739739299e-01 4.232576893598360357e+01
5.159659659659658892e-01 4.233594620992239044e+01
5.179579579579579596e-01 4.234608704752477593e+01
5.199499499499499189e-01 4.235619171008965367e+01
5.219419419419418782e-01 4.236626045601849455e+01
5.239339339339339485e-01 4.237629354085908062e+01
5.259259259259259078e-01 4.238629121734822292e+01
5.279179179179178671e-01 4.239625373545382558e+01
5.299099099099098265e-01 4.240618134241601211e+01
5.319019019019018968e-01 4.241607428278763336e+01
5.338938938938938561e-01 4.242593279847393717e+01
5.358858858858858154e-01 4.243575712877147055e+01
5.378778778778778857e-01 4.244554751040628560e+01
5.398698698698698450e-01 4.245530417757159825e+01
5.418618618618618044e-01 4.246502736196441674e+01
5.438538538538538747e-01 4.247471729282190012e+01
5.458458458458458340e-01 4.248437419695670059e+01
5.478378378378377933e-01 4.249399829879188673e+01
5.498298298298297526e-01 4.250358982039522004e+01
5.518218218218218230e-01 4.251314898151263577e+01
5.538138138138137823e-01 4.252267599960138966e+01
5.558058058058057416e-01 4.253217108986235928e+01
5.577977977977978119e-01 4.254163446527194736e+01
5.597897897897897712e-01 4.255106633661334570e+01
5.617817817817817305e-01 4.256046691250725900e+01
5.637737737737736898e-01 4.256983639944201059e+01
5.657657657657657602e-01 4.257917500180330705e+01
5.677577577577577195e-01 4.258848292190330653e+01
5.697497497497496788e-01 4.259776036000923227e+01
5.717417417417417491e-01 4.260700751437150302e+01
5.737337337337337084e-01 4.261622458125140867e+01
5.757257257257256677e-01 4.262541175494821033e+01
5.777177177177176270e-01 4.263456922782586389e+01
5.797097097097096974e-01 4.264369719033929584e+01
5.817017017017016567e-01 4.265279583106010364e+01
5.836936936936936160e-01 4.266186533670200731e+01
5.856856856856856863e-01 4.267090589214564034e+01
5.876776776776776456e-01 4.267991768046319123e+01
5.896696696696696050e-01 4.268890088294239860e+01
5.916616616616616753e-01 4.269785567911026192e+01
5.936536536536536346e-01 4.270678224675631895e+01
5.956456456456455939e-01 4.271568076195555363e+01
5.976376376376375532e-01 4.272455139909091315e+01
5.996296296296296235e-01 4.273339433087543426e+01
6.016216216216215829e-01 4.274220972837404275e+01
6.036136136136135422e-01 4.275099776102497628e+01
6.056056056056056125e-01 4.275975859666085910e+01
6.075975975975975718e-01 4.276849240152938592e+01
6.095895895895895311e-01 4.277719934031377136e+01
6.115815815815814904e-01 4.278587957615279436e+01
6.135735735735735608e-01 4.279453327066043755e+01
6.155655655655655201e-01 4.280316058394551249e+01
6.175575575575574794e-01 4.281176167463051740e+01
6.195495495495495497e-01 4.282033669987060875e+01
6.215415415415415090e-01 4.282888581537206107e+01
6.235335335335334683e-01 4.283740917541041426e+01
6.255255255255255387e-01 4.284590693284845031e+01
6.275175175175174980e-01 4.285437923915381475e+01
6.295095095095094573e-01 4.286282624441632549e+01
6.315015015015014166e-01 4.287124809736513953e+01
6.334934934934934869e-01 4.287964494538549332e+01
6.354854854854854462e-01 4.288801693453527974e+01
6.374774774774774055e-01 4.289636420956136931e+01
6.394694694694694759e-01 4.290468691391558309e+01
6.414614614614614352e-01 4.291298518977060183e+01
6.434534534534533945e-01 4.292125917803537050e+01
6.454454454454453538e-01 4.292950901837057387e+01
6.474374374374374241e-01 4.293773484920356509e+01
6.494294294294293834e-01 4.294593680774331546e+01
6.514214214214213428e-01 4.295411502999498055e+01
6.534134134134134131e-01 4.296226965077435977e+01
6.554054054054053724e-01 4.297040080372199355e+01
6.573973973973973317e-01 4.297850862131723204e+01
6.593893893893894020e-01 4.298659323489191308e+01
6.613813813813813614e-01 4.299465477464394070e+01
6.633733733733733207e-01 4.300269336965068590e+01
6.653653653653652800e-01 4.301070914788206068e+01
6.673573573573573503e-01 4.301870223621352096e+01
6.693493493493493096e-01 4.302667276043883504e+01
6.713413413413412689e-01 4.303462084528263176e+01
6.733333333333333393e-01 4.304254661441284213e+01
6.753253253253252986e-01 4.305045019045283539e+01
6.773173173173172579e-01 4.305833169499355506e+01
6.793093093093092172e-01 4.306619124860525005e+01
6.813013013013012875e-01 4.307402897084929805e+01
6.832932932932932468e-01 4.308184498028958842e+01
6.852852852852852061e-01 4.308963939450400460e+01
6.872772772772772765e-01 4.309741233009546590e+01
6.892692692692692358e-01 4.310516390270308307e+01
6.912612612612611951e-01 4.311289422701293717e+01
6.932532532532531544e-01 4.312060341676885855e+01
6.952452452452452247e-01 4.312829158478294289e+01
6.972372372372371840e-01 4.313595884294596772e+01
6.992292292292291433e-01 4.314360530223768109e+01
7.012212212212212137e-01 4.315123107273689129e+01
7.032132132132131730e-01 4.315883626363144288e+01
7.052052052052051323e-01 4.316642098322810739e+01
7.071971971971972026e-01 4.317398533896219703e+01
7.091891891891891619e-01 4.318152943740721383e+01
7.111811811811811213e-01 4.318905338428420748e+01
7.131731731731730806e-01 4.319655728447112608e+01
7.151651651651651509e-01 4.320404124201196794e+01
7.171571571571571102e-01 4.321150536012583387e+01
7.191491491491490695e-01 4.321894974121584454e+01
7.211411411411411398e-01 4.322637448687794404e+01
7.231331331331330992e-01 4.323377969790956854e+01
7.251251251251250585e-01 4.324116547431820834e+01
7.271171171171170178e-01 4.324853191532988461e+01
7.291091091091090881e-01 4.325587911939743435e+01
7.311011011011010474e-01 4.326320718420875977e+01
7.330930930930930067e-01 4.327051620669490717e+01
7.350850850850850771e-01 4.327780628303808896e+01
7.370770770770770364e-01 4.328507750867958492e+01
7.390690690690689957e-01 4.329232997832747998e+01
7.410610610610610660e-01 4.329956378596440203e+01
7.430530530530530253e-01 4.330677902485504660e+01
7.450450450450449846e-01 4.331397578755372280e+01
7.470370370370369439e-01 4.332115416591166479e+01
7.490290290290290143e-01 4.332831425108439305e+01
7.510210210210209736e-01 4.333545613353880555e+01
7.530130130130129329e-01 4.334257990306034714e+01
7.550050050050050032e-01 4.334968564876000130e+01
7.569969969969969625e-01 4.335677345908116109e+01
7.589889889889889218e-01 4.336384342180649298e+01
7.609809809809808812e-01 4.337089562406464438e+01
7.629729729729729515e-01 4.337793015233688720e+01
7.649649649649649108e-01 4.338494709246369752e+01
7.669569569569568701e-01 4.339194652965120014e+01
7.689489489489489404e-01 4.339892854847759907e+01
7.709409409409408998e-01 4.340589323289944446e+01
7.729329329329328591e-01 4.341284066625790672e+01
7.749249249249248184e-01 4.341977093128488718e+01
7.769169169169168887e-01 4.342668411010910745e+01
7.789089089089088480e-01 4.343358028426211348e+01
7.809009009009008073e-01 4.344045953468418730e+01
7.828928928928928777e-01 4.344732194173020190e+01
7.848848848848848370e-01 4.345416758517535527e+01
7.868768768768767963e-01 4.346099654422094716e+01
7.888688688688688666e-01 4.346780889749991417e+01
7.908608608608608259e-01 4.347460472308245727e+01
7.928528528528527852e-01 4.348138409848152719e+01
7.948448448448447445e-01 4.348814710065818900e+01
7.968368368368368149e-01 4.349489380602705779e+01
7.988288288288287742e-01 4.350162429046152823e+01
8.008208208208207335e-01 4.350833862929901130e+01
8.028128128128128038e-01 4.351503689734610703e+01
8.048048048048047631e-01 4.352171916888371328e+01
8.067967967967967224e-01 4.352838551767199959e+01
8.087887887887886817e-01 4.353503601695547331e+01
8.107807807807807521e-01 4.354167073946780420e+01
8.127727727727727114e-01 4.354828975743672714e+01
8.147647647647646707e-01 4.355489314258883837e+01
8.167567567567567410e-01 4.356148096615432053e+01
8.187487487487487003e-01 4.356805329887159672e+01
8.207407407407406597e-01 4.357461021099202725e+01
8.227327327327327300e-01 4.358115177228440018e+01
8.247247247247246893e-01 4.358767805203948598e+01
8.267167167167166486e-01 4.359418911907449967e+01
8.287087087087086079e-01 4.360068504173750625e+01
8.307007007007006782e-01 4.360716588791176207e+01
8.326926926926926376e-01 4.361363172502002783e+01
8.346846846846845969e-01 4.362008262002884607e+01
8.366766766766766672e-01 4.362651863945270492e+01
8.386686686686686265e-01 4.363293984935822323e+01
8.406606606606605858e-01 4.363934631536824327e+01
8.426526526526525451e-01 4.364573810266588794e+01
8.446446446446446155e-01 4.365211527599858243e+01
8.466366366366365748e-01 4.365847789968201909e+01
8.486286286286285341e-01 4.366482603760405823e+01
8.506206206206206044e-01 4.367115975322862198e+01
8.526126126126125637e-01 4.367747910959951696e+01
8.546046046046045230e-01 4.368378416934422148e+01
8.565965965965965934e-01 4.369007499467762301e+01
8.585885885885885527e-01 4.369635164740572009e+01
8.605805805805805120e-01 4.370261418892926031e+01
8.625725725725724713e-01 4.370886268024739962e+01
8.645645645645645416e-01 4.371509718196124794e+01
8.665565565565565009e-01 4.372131775427739342e+01
8.685485485485484602e-01 4.372752445701143387e+01
8.705405405405405306e-01 4.373371734959137314e+01
8.725325325325324899e-01 4.373989649106110278e+01
8.745245245245244492e-01 4.374606194008372739e+01
8.765165165165164085e-01 4.375221375494493259e+01
8.785085085085084788e-01 4.375835199355628902e+01
8.805005005005004382e-01 4.376447671345850665e+01
8.824924924924923975e-01 4.377058797182465355e+01
8.844844844844844678e-01 4.377668582546337461e+01
8.864764764764764271e-01 4.378277033082206060e+01
8.884684684684683864e-01 4.378884154398991058e+01
8.904604604604603457e-01 4.379489952070109382e+01
8.924524524524524161e-01 4.380094431633776253e+01
8.944444444444443754e-01 4.380697598593307163e+01
8.964364364364363347e-01 4.381299458417420567e+01
8.984284284284284050e-01 4.381900016540531340e+01
9.004204204204203643e-01 4.382499278363039252e+01
9.024124124124123236e-01 4.383097249251626693e+01
9.044044044044043940e-01 4.383693934539536485e+01
9.063963963963963533e-01 4.384289339526860374e+01
9.083883883883883126e-01 4.384883469480818263e+01
9.103803803803802719e-01 4.385476329636031778e+01
9.123723723723723422e-01 4.386067925194800665e+01
9.143643643643643015e-01 4.386658261327377062e+01
9.163563563563562608e-01 4.387247343172228398e+01
9.183483483483483312e-01 4.387835175836303847e+01
9.203403403403402905e-01 4.388421764395301494e+01
9.223323323323322498e-01 4.389007113893920575e+01
9.243243243243242091e-01 4.389591229346126511e+01
9.263163163163162794e-01 4.390174115735396754e+01
9.283083083083082387e-01 4.390755778014981558e+01
9.303003003003001981e-01 4.391336221108144144e+01
9.322922922922922684e-01 4.391915449908414359e+01
9.342842842842842277e-01 4.392493469279826712e+01
9.362762762762761870e-01 4.393070284057166930e+01
9.382682682682682573e-01 4.393645899046204306e+01
9.402602602602602166e-01 4.394220319023936838e+01
9.422522522522521760e-01 4.394793548738813627e+01
9.442442442442441353e-01 4.395365592910978592e+01
9.462362362362362056e-01 4.395936456232489320e+01
9.482282282282281649e-01 4.396506143367550123e+01
9.502202202202201242e-01 4.397074658952731596e+01
9.522122122122121946e-01 4.397642007597197278e+01
9.542042042042041539e-01 4.398208193882921080e+01
9.561961961961961132e-01 4.398773222364904001e+01
9.581881881881880725e-01 4.399337097571390842e+01
9.601801801801801428e-01 4.399899824004083371e+01
9.621721721721721021e-01 4.400461406138350640e+01
9.641641641641640614e-01 4.401021848423436467e+01
9.661561561561561318e-01 4.401581155282670466e+01
9.681481481481480911e-01 4.402139331113667708e+01
9.701401401401400504e-01 4.402696380288534783e+01
9.721321321321321207e-01 4.403252307154068035e+01
9.741241241241240800e-01 4.403807116031953939e+01
9.761161161161160393e-01 4.404360811218964500e+01
9.781081081081079986e-01 4.404913396987151941e+01
9.801001001001000690e-01 4.405464877584041972e+01
9.820920920920920283e-01 4.406015257232824922e+01
9.840840840840839876e-01 4.406564540132544039e+01
9.860760760760760579e-01 4.407112730458280225e+01
9.880680680680680172e-01 4.407659832361341046e+01
9.900600600600599765e-01 4.408205849969444046e+01
9.920520520520519359e-01 4.408750787386892966e+01
9.940440440440440062e-01 4.409294648694763907e+01
9.960360360360359655e-01 4.409837437951080119e+01
9.980280280280279248e-01 4.410379159190989640e+01
1.000020020020019995e+00 4.410919816426935824e+01
1.002012012012011954e+00 4.411459413648837824e+01
1.004004004004003914e+00 4.411997954824254009e+01
1.005995995995995873e+00 4.412535443898557475e+01
1.007987987987987832e+00 4.413071884795099464e+01
1.009979979979979792e+00 4.413607281415377770e+01
1.011971971971971973e+00 4.414141637639202287e+01
1.013963963963963932e+00 4.414674957324857019e+01
1.015955955955955892e+00 4.415207244309260659e+01
1.017947947947947851e+00 4.415738502408127175e+01
1.019939939939939810e+00 4.416268735416126390e+01
1.021931931931931770e+00 4.416797947107039590e+01
1.023923923923923951e+00 4.417326141233913006e+01
1.025915915915915910e+00 4.417853321529214838e+01
1.027907907907907870e+00 4.418379491704985185e+01
1.029899899899899829e+00 4.418904655452990227e+01
1.031891891891891788e+00 4.419428816444869312e+01
1.033883883883883748e+00 4.419951978332284170e+01
1.035875875875875707e+00 4.420474144747066703e+01
1.037867867867867888e+00 4.420995319301361803e+01
1.039859859859859847e+00 4.421515505587775152e+01
1.041851851851851807e+00 4.422034707179513191e+01
1.043843843843843766e+00 4.422552927630526654e+01
1.045835835835835725e+00 4.423070170475649832e+01
1.047827827827827685e+00 4.423586439230737710e+01
1.049819819819819644e+00 4.424101737392805944e+01
1.051811811811811825e+00 4.424616068440170125e+01
1.053803803803803785e+00 4.425129435832571545e+01
1.055795795795795744e+00 4.425641843011320020e+01
1.057787787787787703e+00 4.426153293399423205e+01
1.059779779779779663e+00 4.426663790401717335e+01
1.061771771771771622e+00 4.427173337405000098e+01
1.063763763763763581e+00 4.427681937778154264e+01
1.065755755755755763e+00 4.428189594872282697e+01
1.067747747747747722e+00 4.428696312020827719e+01
1.069739739739739681e+00 4.429202092539703983e+01
1.071731731731731641e+00 4.429706939727415715e+01
1.073723723723723600e+00 4.430210856865186031e+01
1.075715715715715559e+00 4.430713847217076307e+01
1.077707707707707740e+00 4.431215914030106262e+01
1.079699699699699700e+00 4.431717060534374752e+01
1.081691691691691659e+00 4.432217289943181981e+01
1.083683683683683618e+00 4.432716605453141057e+01
1.085675675675675578e+00 4.433215010244299492e+01
1.087667667667667537e+00 4.433712507480255027e+01
1.089659659659659496e+00 4.434209100308267892e+01
1.091651651651651678e+00 4.434704791859374495e+01
1.093643643643643637e+00 4.435199585248503951e+01
1.095635635635635596e+00 4.435693483574583240e+01
1.097627627627627556e+00 4.436186489920656584e+01
1.099619619619619515e+00 4.436678607353987047e+01
1.101611611611611474e+00 4.437169838926170939e+01
1.103603603603603434e+00 4.437660187673239420e+01
1.105595595595595615e+00 4.438149656615775029e+01
1.107587587587587574e+00 4.438638248759008320e+01
1.109579579579579534e+00 4.439125967092926572e+01
1.111571571571571493e+00 4.439612814592380374e+01
1.113563563563563452e+00 4.440098794217182387e+01
1.115555555555555411e+00 4.440583908912212507e+01
1.117547547547547371e+00 4.441068161607518050e+01
1.119539539539539552e+00 4.441551555218415359e+01
1.121531531531531511e+00 4.442034092645588572e+01
1.123523523523523471e+00 4.442515776775189096e+01
1.125515515515515430e+00 4.442996610478932951e+01
1.127507507507507389e+00 4.443476596614199536e+01
1.129499499499499349e+00 4.443955738024124003e+01
1.131491491491491308e+00 4.444434037537698856e+01
1.133483483483483489e+00 4.444911497969863490e+01
1.135475475475475449e+00 4.445388122121599395e+01
1.137467467467467408e+00 4.445863912780024663e+01
1.139459459459459367e+00 4.446338872718484936e+01
1.141451451451451327e+00 4.446813004696646487e+01
1.143443443443443286e+00 4.447286311460584329e+01
1.145435435435435245e+00 4.447758795742873161e+01
1.147427427427427427e+00 4.448230460262679742e+01
1.149419419419419386e+00 4.448701307725846021e+01
1.151411411411411345e+00 4.449171340824981513e+01
1.153403403403403304e+00 4.449640562239547137e+01
1.155395395395395264e+00 4.450108974635942616e+01
1.157387387387387223e+00 4.450576580667595294e+01
1.159379379379379404e+00 4.451043382975036877e+01
1.161371371371371364e+00 4.451509384185995799e+01
1.163363363363363323e+00 4.451974586915476095e+01
1.165355355355355282e+00 4.452438993765844089e+01
1.167347347347347242e+00 4.452902607326903706e+01
1.169339339339339201e+00 4.453365430175985296e+01
1.171331331331331160e+00 4.453827464878020947e+01
1.173323323323323342e+00 4.454288713985629045e+01
1.175315315315315301e+00 4.454749180039188872e+01
1.177307307307307260e+00 4.455208865566923748e+01
1.179299299299299220e+00 4.455667773084975636e+01
1.181291291291291179e+00 4.456125905097485429e+01
1.183283283283283138e+00 4.456583264096667563e+01
1.185275275275275098e+00 4.457039852562888171e+01
1.187267267267267279e+00 4.457495672964739697e+01
1.189259259259259238e+00 4.457950727759114784e+01
1.191251251251251198e+00 4.458405019391283730e+01
1.193243243243243157e+00 4.458858550294964829e+01
1.195235235235235116e+00 4.459311322892399687e+01
1.197227227227227075e+00 4.459763339594424281e+01
1.199219219219219035e+00 4.460214602800543560e+01
1.201211211211211216e+00 4.460665114899001082e+01
1.203203203203203175e+00 4.461114878266847938e+01
1.205195195195195135e+00 4.461563895270018776e+01
1.207187187187187094e+00 4.462012168263394329e+01
1.209179179179179053e+00 4.462459699590877449e+01
1.211171171171171013e+00 4.462906491585454205e+01
1.213163163163162972e+00 4.463352546569272761e+01
1.215155155155155153e+00 4.463797866853698793e+01
1.217147147147147113e+00 4.464242454739390098e+01
1.219139139139139072e+00 4.464686312516362676e+01
1.221131131131131031e+00 4.465129442464053255e+01
1.223123123123122991e+00 4.465571846851387505e+01
1.225115115115114950e+00 4.466013527936844696e+01
1.227107107107107131e+00 4.466454487968520226e+01
1.229099099099099091e+00 4.466894729184193125e+01
1.231091091091091050e+00 4.467334253811386446e+01
1.233083083083083009e+00 4.467773064067429800e+01
1.235075075075074968e+00 4.468211162159524008e+01
1.237067067067066928e+00 4.468648550284802923e+01
1.239059059059058887e+00 4.469085230630393824e+01
1.241051051051051068e+00 4.469521205373477812e+01
1.243043043043043028e+00 4.469956476681353053e+01
1.245035035035034987e+00 4.470391046711490901e+01
1.247027027027026946e+00 4.470824917611598437e+01
1.249019019019018906e+00 4.471258091519678857e+01
1.251011011011010865e+00 4.471690570564084766e+01
1.253003003003002824e+00 4.472122356863582837e+01
1.254994994994995006e+00 4.472553452527407103e+01
1.256986986986986965e+00 4.472983859655317929e+01
1.258978978978978924e+00 4.473413580337658857e+01
1.260970970970970884e+00 4.473842616655413451e+01
1.262962962962962843e+00 4.474270970680260007e+01
1.264954954954954802e+00 4.474698644474630527e+01
1.266946946946946762e+00 4.475125640091760459e+01
1.268938938938938943e+00 4.475551959575749095e+01
1.270930930930930902e+00 4.475977604961609302e+01
1.272922922922922861e+00 4.476402578275325084e+01
1.274914914914914821e+00 4.476826881533903446e+01
1.276906906906906780e+00 4.477250516745428399e+01
1.278898898898898739e+00 4.477673485909110696e+01
1.280890890890890699e+00 4.478095791015346805e+01
1.282882882882882880e+00 4.478517434045762968e+01
1.284874874874874839e+00 4.478938416973271330e+01
1.286866866866866799e+00 4.479358741762122520e+01
1.288858858858858758e+00 4.479778410367951835e+01
1.290850850850850717e+00 4.480197424737833245e+01
1.292842842842842677e+00 4.480615786810328416e+01
1.294834834834834636e+00 4.481033498515536451e+01
1.296826826826826817e+00 4.481450561775143626e+01
1.298818818818818777e+00 4.481866978502469578e+01
1.300810810810810736e+00 4.482282750602522725e+01
1.302802802802802695e+00 4.482697879972039345e+01
1.304794794794794655e+00 4.483112368499539002e+01
1.306786786786786614e+00 4.483526218065367885e+01
1.308778778778778795e+00 4.483939430541749260e+01
1.310770770770770755e+00 4.484352007792826811e+01
1.312762762762762714e+00 4.484763951674712956e+01
1.314754754754754673e+00 4.485175264035535747e+01
1.316746746746746632e+00 4.485585946715482919e+01
1.318738738738738592e+00 4.485996001546850209e+01
1.320730730730730551e+00 4.486405430354081147e+01
1.322722722722722732e+00 4.486814234953820346e+01
1.324714714714714692e+00 4.487222417154947607e+01
1.326706706706706651e+00 4.487629978758631921e+01
1.328698698698698610e+00 4.488036921558369841e+01
1.330690690690690570e+00 4.488443247340029529e+01
1.332682682682682529e+00 4.488848957881894819e+01
1.334674674674674488e+00 4.489254054954709261e+01
1.336666666666666670e+00 4.489658540321716629e+01
1.338658658658658629e+00 4.490062415738704971e+01
1.340650650650650588e+00 4.490465682954047111e+01
1.342642642642642548e+00 4.490868343708744703e+01
1.344634634634634507e+00 4.491270399736465890e+01
1.346626626626626466e+00 4.491671852763590778e+01
1.348618618618618425e+00 4.492072704509249093e+01
1.350610610610610607e+00 4.492472956685362817e+01
1.352602602602602566e+00 4.492872610996684557e+01
1.354594594594594525e+00 4.493271669140839464e+01
1.356586586586586485e+00 4.493670132808363604e+01
1.358578578578578444e+00 4.494068003682743040e+01
1.360570570570570403e+00 4.494465283440456460e+01
1.362562562562562363e+00 4.494861973751007156e+01
1.364554554554554544e+00 4.495258076276969206e+01
1.366546546546546503e+00 4.495653592674021581e+01
1.368538538538538463e+00 4.496048524590986517e+01
1.370530530530530422e+00 4.496442873669867879e+01
1.372522522522522381e+00 4.496836641545890245e+01
1.374514514514514341e+00 4.497229829847532301e+01
1.376506506506506300e+00 4.497622440196568050e+01
1.378498498498498481e+00 4.498014474208100211e+01
1.380490490490490441e+00 4.498405933490600006e+01
1.382482482482482400e+00 4.498796819645940559e+01
1.384474474474474359e+00 4.499187134269433841e+01
1.386466466466466319e+00 4.499576878949868330e+01
1.388458458458458278e+00 4.499966055269540277e+01
1.390450450450450459e+00 4.500354664804292781e+01
1.392442442442442418e+00 4.500742709123549901e+01
1.394434434434434378e+00 4.501130189790351466e+01
1.396426426426426337e+00 4.501517108361385056e+01
1.398418418418418296e+00 4.501903466387025787e+01
1.400410410410410256e+00 4.502289265411363317e+01
1.402402402402402215e+00 4.502674506972243762e+01
1.404394394394394396e+00 4.503059192601294569e+01
1.406386386386386356e+00 4.503443323823967148e+01
1.408378378378378315e+00 4.503826902159561030e+01
1.410370370370370274e+00 4.504209929121263656e+01
1.412362362362362234e+00 4.504592406216180223e+01
1.414354354354354193e+00 4.504974334945364944e+01
1.416346346346346152e+00 4.505355716803856581e+01
1.418338338338338334e+00 4.505736553280708279e+01
1.420330330330330293e+00 4.506116845859019548e+01
1.422322322322322252e+00 4.506496596015969658e+01
1.424314314314314212e+00 4.506875805222844633e+01
1.426306306306306171e+00 4.507254474945074207e+01
1.428298298298298130e+00 4.507632606642260242e+01
1.430290290290290089e+00 4.508010201768205150e+01
1.432282282282282271e+00 4.508387261770948129e+01
1.434274274274274230e+00 4.508763788092787905e+01
1.436266266266266189e+00 4.509139782170321098e+01
1.438258258258258149e+00 4.509515245434465669e+01
1.440250250250250108e+00 4.509890179310495739e+01
1.442242242242242067e+00 4.510264585218065747e+01
1.444234234234234027e+00 4.510638464571244555e+01
1.446226226226226208e+00 4.511011818778544580e+01
1.448218218218218167e+00 4.511384649242945954e+01
1.450210210210210127e+00 4.511756957361930631e+01
1.452202202202202086e+00 4.512128744527508672e+01
1.454194194194194045e+00 4.512500012126245963e+01
1.456186186186186005e+00 4.512870761539296183e+01
1.458178178178177964e+00 4.513240994142422835e+01
1.460170170170170145e+00 4.513610711306031931e+01
1.462162162162162105e+00 4.513979914395199700e+01
1.464154154154154064e+00 4.514348604769695328e+01
1.466146146146146023e+00 4.514716783784015774e+01
1.468138138138137982e+00 4.515084452787404246e+01
1.470130130130129942e+00 4.515451613123886432e+01
1.472122122122122123e+00 4.515818266132288272e+01
1.474114114114114082e+00 4.516184413146271481e+01
1.476106106106106042e+00 4.516550055494350602e+01
1.478098098098098001e+00 4.516915194499929243e+01
1.480090090090089960e+00 4.517279831481316421e+01
1.482082082082081920e+00 4.517643967751761380e+01
1.484074074074073879e+00 4.518007604619472772e+01
1.486066066066066060e+00 4.518370743387647082e+01
1.488058058058058020e+00 4.518733385354494203e+01
1.490050050050049979e+00 4.519095531813264444e+01
1.492042042042041938e+00 4.519457184052268417e+01
1.494034034034033898e+00 4.519818343354906176e+01
1.496026026026025857e+00 4.520179010999691371e+01
1.498018018018017816e+00 4.520539188260276831e+01
1.500010010010009998e+00 4.520898876405475875e+01
1.502002002002001957e+00 4.521258076699290029e+01
1.503993993993993916e+00 4.521616790400931052e+01
1.505985985985985876e+00 4.521975018764847221e+01
1.507977977977977835e+00 4.522332763040743231e+01
1.509969969969969794e+00 4.522690024473609327e+01
1.511961961961961753e+00 4.523046804303739776e+01
1.513953953953953935e+00 4.523403103766760580e+01
1.515945945945945894e+00 4.523758924093650791e+01
1.517937937937937853e+00 4.524114266510763116e+01
1.519929929929929813e+00 4.524469132239852343e+01
1.521921921921921772e+00 4.524823522498094519e+01
1.523913913913913731e+00 4.525177438498110405e+01
1.525905905905905691e+00 4.525530881447987497e+01
1.527897897897897872e+00 4.525883852551304898e+01
1.529889889889889831e+00 4.526236353007152502e+01
1.531881881881881791e+00 4.526588384010155153e+01
1.533873873873873750e+00 4.526939946750493959e+01
1.535865865865865709e+00 4.527291042413928324e+01
1.537857857857857669e+00 4.527641672181816546e+01
1.539849849849849628e+00 4.527991837231140693e+01
1.541841841841841809e+00 4.528341538734524363e+01
1.543833833833833769e+00 4.528690777860256844e+01
1.545825825825825728e+00 4.529039555772312298e+01
1.547817817817817687e+00 4.529387873630371075e+01
1.549809809809809646e+00 4.529735732589841746e+01
1.551801801801801606e+00 4.530083133801883832e+01
1.553793793793793787e+00 4.530430078413422734e+01
1.555785785785785746e+00 4.530776567567173885e+01
1.557777777777777706e+00 4.531122602401666200e+01
1.559769769769769665e+00 4.531468184051256998e+01
1.561761761761761624e+00 4.531813313646154029e+01
1.563753753753753584e+00 4.532157992312437500e+01
1.565745745745745543e+00 4.532502221172076418e+01
1.567737737737737724e+00 4.532846001342953457e+01
1.569729729729729684e+00 4.533189333938879884e+01
1.571721721721721643e+00 4.533532220069616869e+01
1.573713713713713602e+00 4.533874660840896809e+01
1.575705705705705562e+00 4.534216657354437530e+01
1.577697697697697521e+00 4.534558210707970716e+01
1.579689689689689480e+00 4.534899321995248300e+01
1.581681681681681662e+00 4.535239992306074441e+01
1.583673673673673621e+00 4.535580222726316890e+01
1.585665665665665580e+00 4.535920014337925465e+01
1.587657657657657539e+00 4.536259368218954080e+01
1.589649649649649499e+00 4.536598285443577794e+01
1.591641641641641458e+00 4.536936767082111999e+01
1.593633633633633417e+00 4.537274814201029471e+01
1.595625625625625599e+00 4.537612427862979558e+01
1.597617617617617558e+00 4.537949609126805228e+01
1.599609609609609517e+00 4.538286359047562257e+01
1.601601601601601477e+00 4.538622678676538413e+01
1.603593593593593436e+00 4.538958569061266246e+01
1.605585585585585395e+00 4.539294031245547956e+01
1.607577577577577355e+00 4.539629066269466051e+01
1.609569569569569536e+00 4.539963675169405377e+01
1.611561561561561495e+00 4.540297858978069456e+01
1.613553553553553455e+00 4.540631618724496832e+01
1.615545545545545414e+00 4.540964955434077410e+01
1.617537537537537373e+00 4.541297870128574488e+01
1.619529529529529333e+00 4.541630363826135408e+01
1.621521521521521514e+00 4.541962437541312170e+01
1.623513513513513473e+00 4.542294092285076346e+01
1.625505505505505432e+00 4.542625329064838979e+01
1.627497497497497392e+00 4.542956148884462664e+01
1.629489489489489351e+00 4.543286552744280726e+01
1.631481481481481310e+00 4.543616541641114281e+01
1.633473473473473270e+00 4.543946116568285731e+01
1.635465465465465451e+00 4.544275278515638661e+01
1.637457457457457410e+00 4.544604028469550627e+01
1.639449449449449370e+00 4.544932367412950924e+01
1.641441441441441329e+00 4.545260296325335503e+01
1.643433433433433288e+00 4.545587816182784024e+01
1.645425425425425248e+00 4.545914927957975493e+01
1.647417417417417207e+00 4.546241632620201756e+01
1.649409409409409388e+00 4.546567931135386686e+01
1.651401401401401348e+00 4.546893824466097556e+01
1.653393393393393307e+00 4.547219313571564214e+01
1.655385385385385266e+00 4.547544399407691174e+01
1.657377377377377226e+00 4.547869082927077500e+01
1.659369369369369185e+00 4.548193365079023920e+01
1.661361361361361144e+00 4.548517246809557690e+01
1.663353353353353326e+00 4.548840729061438282e+01
1.665345345345345285e+00 4.549163812774178695e+01
1.667337337337337244e+00 4.549486498884058960e+01
1.669329329329329203e+00 4.549808788324137510e+01
1.671321321321321163e+00 4.550130682024270357e+01
1.673313313313313122e+00 4.550452180911122468e+01
1.675305305305305081e+00 4.550773285908181975e+01
1.677297297297297263e+00 4.551093997935778646e+01
1.679289289289289222e+00 4.551414317911093121e+01
1.681281281281281181e+00 4.551734246748174684e+01
1.683273273273273141e+00 4.552053785357952620e+01
1.685265265265265100e+00 4.552372934648251857e+01
1.687257257257257059e+00 4.552691695523807880e+01
1.689249249249249019e+00 4.553010068886278816e+01
1.691241241241241200e+00 4.553328055634258220e+01
1.693233233233233159e+00 4.553645656663292840e+01
1.695225225225225119e+00 4.553962872865893985e+01
1.697217217217217078e+00 4.554279705131548184e+01
1.699209209209209037e+00 4.554596154346735659e+01
1.701201201201200996e+00 4.554912221394941696e+01
1.703193193193193178e+00 4.555227907156668721e+01
1.705185185185185137e+00 4.555543212509451223e+01
1.707177177177177096e+00 4.555858138327868545e+01
1.709169169169169056e+00 4.556172685483558382e+01
1.711161161161161015e+00 4.556486854845228152e+01
1.713153153153152974e+00 4.556800647278670624e+01
1.715145145145144934e+00 4.557114063646773161e+01
1.717137137137137115e+00 4.557427104809535479e+01
1.719129129129129074e+00 4.557739771624078884e+01
1.721121121121121034e+00 4.558052064944659065e+01
1.723113113113112993e+00 4.558363985622679593e+01
1.725105105105104952e+00 4.558675534506704707e+01
1.727097097097096912e+00 4.558986712442469980e+01
1.729089089089088871e+00 4.559297520272900073e+01
1.731081081081081052e+00 4.559607958838113717e+01
1.733073073073073012e+00 4.559918028975439341e+01
1.735065065065064971e+00 4.560227731519429994e+01
1.737057057057056930e+00 4.560537067301871161e+01
1.739049049049048890e+00 4.560846037151794974e+01
1.741041041041040849e+00 4.561154641895491579e+01
1.743033033033032808e+00 4.561462882356522641e+01
1.745025025025024989e+00 4.561770759355729865e+01
1.747017017017016949e+00 4.562078273711250631e+01
1.749009009009008908e+00 4.562385426238527231e+01
1.751001001001000867e+00 4.562692217750320367e+01
1.752992992992992827e+00 4.562998649056719103e+01
1.754984984984984786e+00 4.563304720965152228e+01
1.756976976976976745e+00 4.563610434280403183e+01
1.758968968968968927e+00 4.563915789804616452e+01
1.760960960960960886e+00 4.564220788337312484e+01
1.762952952952952845e+00 4.564525430675397644e+01
1.764944944944944805e+00 4.564829717613176996e+01
1.766936936936936764e+00 4.565133649942362126e+01
1.768928928928928723e+00 4.565437228452087481e+01
1.770920920920920683e+00 4.565740453928916054e+01
1.772912912912912864e+00 4.566043327156853593e+01
1.774904904904904823e+00 4.566345848917357841e+01
1.776896896896896783e+00 4.566648019989352747e+01
1.778888888888888742e+00 4.566949841149234146e+01
1.780880880880880701e+00 4.567251313170886107e+01
1.782872872872872660e+00 4.567552436825686613e+01
1.784864864864864842e+00 4.567853212882521063e+01
1.786856856856856801e+00 4.568153642107793644e+01
1.788848848848848760e+00 4.568453725265433718e+01
1.790840840840840720e+00 4.568753463116912883e+01
1.792832832832832679e+00 4.569052856421247810e+01
1.794824824824824638e+00 4.569351905935018010e+01
1.796816816816816598e+00 4.569650612412370805e+01
1.798808808808808779e+00 4.569948976605034119e+01
1.800800800800800738e+00 4.570246999262325716e+01
1.802792792792792698e+00 4.570544681131163145e+01
1.804784784784784657e+00 4.570842022956076534e+01
1.806776776776776616e+00 4.571139025479214268e+01
1.808768768768768576e+00 4.571435689440356498e+01
1.810760760760760535e+00 4.571732015576923658e+01
1.812752752752752716e+00 4.572028004623987130e+01
1.814744744744744676e+00 4.572323657314277057e+01
1.816736736736736635e+00 4.572618974378195844e+01
1.818728728728728594e+00 4.572913956543824554e+01
1.820720720720720553e+00 4.573208604536933564e+01
1.822712712712712513e+00 4.573502919080993223e+01
1.824704704704704472e+00 4.573796900897181672e+01
1.826696696696696653e+00 4.574090550704397629e+01
1.828688688688688613e+00 4.574383869219263943e+01
1.830680680680680572e+00 4.574676857156144649e+01
1.832672672672672531e+00 4.574969515227148520e+01
1.834664664664664491e+00 4.575261844142140433e+01
1.836656656656656450e+00 4.575553844608750609e+01
1.838648648648648409e+00 4.575845517332385270e+01
1.840640640640640591e+00 4.576136863016233747e+01
1.842632632632632550e+00 4.576427882361277000e+01
1.844624624624624509e+00 4.576718576066299704e+01
1.846616616616616469e+00 4.577008944827898063e+01
1.848608608608608428e+00 4.577298989340486912e+01
1.850600600600600387e+00 4.577588710296311802e+01
1.852592592592592347e+00 4.577878108385455391e+01
1.854584584584584528e+00 4.578167184295848813e+01
1.856576576576576487e+00 4.578455938713275941e+01
1.858568568568568447e+00 4.578744372321389733e+01
1.860560560560560406e+00 4.579032485801712937e+01
1.862552552552552365e+00 4.579320279833652307e+01
1.864544544544544324e+00 4.579607755094504284e+01
1.866536536536536506e+00 4.579894912259466366e+01
1.868528528528528465e+00 4.580181752001640660e+01
1.870520520520520424e+00 4.580468274992050226e+01
1.872512512512512384e+00 4.580754481899639075e+01
1.874504504504504343e+00 4.581040373391287090e+01
1.876496496496496302e+00 4.581325950131815716e+01
1.878488488488488262e+00 4.581611212783995057e+01
1.880480480480480443e+00 4.581896162008555962e+01
1.882472472472472402e+00 4.582180798464193572e+01
1.884464464464464362e+00 4.582465122807580826e+01
1.886456456456456321e+00 4.582749135693370590e+01
1.888448448448448280e+00 4.583032837774210577e+01
1.890440440440440240e+00 4.583316229700744060e+01
1.892432432432432199e+00 4.583599312121625502e+01
1.894424424424424380e+00 4.583882085683522689e+01
1.896416416416416340e+00 4.584164551031126678e+01
1.898408408408408299e+00 4.584446708807162452e+01
1.900400400400400258e+00 4.584728559652391766e+01
1.902392392392392217e+00 4.585010104205623804e+01
1.904384384384384177e+00 4.585291343103725126e+01
1.906376376376376136e+00 4.585572276981622508e+01
1.908368368368368317e+00 4.585852906472314316e+01
1.910360360360360277e+00 4.586133232206876897e+01
1.912352352352352236e+00 4.586413254814473817e+01
1.914344344344344195e+00 4.586692974922362254e+01
1.916336336336336155e+00 4.586972393155897265e+01
1.918328328328328114e+00 4.587251510138546706e+01
1.920320320320320073e+00 4.587530326491892652e+01
1.922312312312312255e+00 4.587808842835642054e+01
1.924304304304304214e+00 4.588087059787631006e+01
1.926296296296296173e+00 4.588364977963836822e+01
1.928288288288288133e+00 4.588642597978381588e+01
1.930280280280280092e+00 4.588919920443539979e+01
1.932272272272272051e+00 4.589196945969749208e+01
1.934264264264264233e+00 4.589473675165612576e+01
1.936256256256256192e+00 4.589750108637909420e+01
1.938248248248248151e+00 4.590026246991601511e+01
1.940240240240240110e+00 4.590302090829838733e+01
1.942232232232232070e+00 4.590577640753970456e+01
1.944224224224224029e+00 4.590852897363546248e+01
1.946216216216215988e+00 4.591127861256329368e+01
1.948208208208208170e+00 4.591402533028298194e+01
1.950200200200200129e+00 4.591676913273659011e+01
1.952192192192192088e+00 4.591951002584846719e+01
1.954184184184184048e+00 4.592224801552536206e+01
1.956176176176176007e+00 4.592498310765648739e+01
1.958168168168167966e+00 4.592771530811356229e+01
1.960160160160159926e+00 4.593044462275091178e+01
1.962152152152152107e+00 4.593317105740551654e+01
1.964144144144144066e+00 4.593589461789706974e+01
1.966136136136136026e+00 4.593861531002808363e+01
1.968128128128127985e+00 4.594133313958391795e+01
1.970120120120119944e+00 4.594404811233285812e+01
1.972112112112111904e+00 4.594676023402618625e+01
1.974104104104103863e+00 4.594946951039824512e+01
1.976096096096096044e+00 4.595217594716650922e+01
1.978088088088088004e+00 4.595487955003163449e+01
1.980080080080079963e+00 4.595758032467752230e+01
1.982072072072071922e+00 4.596027827677142596e+01
1.984064064064063881e+00 4.596297341196395791e+01
1.986056056056055841e+00 4.596566573588918203e+01
1.988048048048047800e+00 4.596835525416467760e+01
1.990040040040039981e+00 4.597104197239161039e+01
1.992032032032031941e+00 4.597372589615476102e+01
1.994024024024023900e+00 4.597640703102263160e+01
1.996016016016015859e+00 4.597908538254748834e+01
1.998008008008007819e+00 4.598176095626540416e+01
2.000000000000000000e+00 4.598443375769636532e+01
