# Redshift z, Distance modulus mu, Error dmu (samples)
5.741629153549434594e-01 4.150855959505356196e+01 9.523641301943456261e-01
7.393619114140701498e-01 4.416347396656298230e+01 9.658678917357758076e-01
6.222906590280818939e-01 4.327756635523481776e+01 9.566418832387503235e-01
5.707983976440194063e-01 4.114004725751500047e+01 9.520526423671000771e-01
4.736212538436816999e-01 4.351358174856932237e+01 9.422262298974536376e-01
6.639683377403495790e-01 4.482533649730447678e+01 9.601017978186517920e-01
4.842857462533004531e-01 4.328163804216634247e+01 9.433917425685173219e-01
1.040049036946482985e+00 4.403854620828093402e+01 9.843129711600976384e-01
1.343969592791167234e+00 4.384250793168209270e+01 9.982272474755967684e-01
4.432977358619031305e-01 4.292862090010137877e+01 9.387745686987588600e-01
8.415829286158165168e-01 4.325007831537101310e+01 9.728461491128993499e-01
5.572823840151597263e-01 4.370146985643993531e+01 9.507837782737911247e-01
5.908836553583319828e-01 4.289303244302735862e+01 9.538872320138375160e-01
1.147343136384627593e+00 4.544862829435884777e+01 9.896421036752350853e-01
1.886272437507779398e-01 4.011221822701266149e+01 8.958592816487250809e-01
2.062190140437476227e-01 4.064586101799446283e+01 9.001961317044384625e-01
1.133550826629609182e-01 3.859055385554122353e+01 8.716280348622863494e-01
9.097792270687138361e-01 4.559787721656527282e+01 9.770595093601763814e-01
8.214475145811753753e-01 4.370023296430461812e+01 9.715386591984653819e-01
9.861272072523559196e-01 4.446579042733112175e+01 9.814253574524067769e-01
1.484065267630334084e+00 4.706999227969217259e+01 1.003601199621181106e+00
8.530818487999807243e-01 4.236681528236043448e+01 9.735793124490905726e-01
5.028167155460296911e-01 4.106701162430939434e+01 9.453615867688784924e-01
8.248932371080243131e-01 4.453025483678541008e+01 9.717645888647088448e-01
2.367932810862283244e-01 3.928511418345500061e+01 9.069823275997436207e-01
6.579936514887776422e-01 4.484606605924432188e+01 9.596186196008901215e-01
2.592356609805561707e-01 4.019647642609347571e+01 9.114695506525586355e-01
1.229789917053121462e+00 4.392794369193158133e+01 9.934094472603405279e-01
5.514077210742065471e-01 4.433838874754638937e+01 9.502232890113220254e-01
4.667858065480199325e-01 4.346717290334886741e+01 9.414663606163680143e-01
3.551382692454392309e-01 4.309885092947160956e+01 9.273397841253648854e-01
8.158156846081126012e-01 4.443829167724724982e+01 9.711674126151237374e-01
4.986544107188025099e-01 4.143245942219939337e+01 9.449250631405595735e-01
5.912268550297847813e-01 4.451794893716367341e+01 9.539180692974156273e-01
1.102178908414677694e-01 3.828256448747843876e+01 8.703162434905529210e-01
6.362948630360617530e-01 4.366002692562049958e+01 9.578282307161595233e-01
6.310362981355838174e-01 4.377616898874487816e+01 9.573856705676260237e-01
6.356261298650476288e-01 4.274014275327098034e+01 9.577721420433786825e-01
1.225242799276446970e+00 4.527032691131478970e+01 9.932083629040048267e-01
7.015270892111449275e-01 4.404052946924919354e+01 9.630480035075147383e-01
4.254842822226414523e-01 4.218477443741876698e+01 9.366439547847045244e-01
4.838588700361984851e-01 4.113016255805722210e+01 9.433455479861454496e-01
7.190571964284380169e-01 4.350621911628244476e+01 9.643721306556102268e-01
1.757882949942888018e-01 4.080633622864510102e+01 8.924520093981869184e-01
6.854308279631464718e-01 4.242216978384570325e+01 9.618041608262299924e-01
6.895180268747015395e-01 4.296216364094440365e+01 9.621226083035352428e-01
3.139149262313544186e-01 4.065259289433107881e+01 9.210679779260533273e-01
2.465126231280599101e-01 4.212950311529176872e+01 9.089715017381212459e-01
3.928893058249575687e-01 4.225311178346682794e+01 9.325236208476144206e-01
4.286034570241458730e-01 4.223294558446387015e+01 9.370228903393251763e-01
5.927829791166150386e-01 4.196833967411502186e+01 9.540576803634978065e-01
4.850659474033948149e-01 4.268257246250632875e+01 9.434760750407485963e-01
1.640707509380705531e+00 4.477097474286466650e+01 1.009027904284771182e+00
2.213253186392455663e-01 4.021159921794741621e+01 9.036567064098806057e-01
3.127422385370023927e-01 4.045840098666292306e+01 9.208787627321712854e-01
2.744947242407361210e-01 4.133455706778019589e+01 9.143215900397773099e-01
6.712808050310550279e-01 4.358830327726187903e+01 9.606875926738049909e-01
3.466897512188035768e-01 4.111263017198172065e+01 9.261107578072070856e-01
5.066058807757891636e-01 4.266232937534714864e+01 9.457560724423889065e-01
3.400027496123475546e-01 4.024470825453665412e+01 9.251183911790635817e-01
2.725376672619054252e-01 3.933524575536522150e+01 9.139640311247980708e-01
2.293743810431818353e-01 4.066847832444516087e+01 9.054129477794680136e-01
6.745811742172592718e-01 4.320766512617543498e+01 9.609500046006079765e-01
2.547287389020310155e-01 4.110814623897107367e+01 9.105977606913699951e-01
3.030937182252241291e-01 4.315565998576970941e+01 9.192968500218262617e-01
4.323293966949074973e-01 4.275903460411177548e+01 9.374722263343155948e-01
8.890651786821817115e-01 4.289991369097334228e+01 9.758131524889190889e-01
2.164253175219050807e-01 4.113610441738543955e+01 9.025586344351954615e-01
9.196823960556356203e-01 4.259579041564484925e+01 9.776456309246563947e-01
2.154190851878723112e-01 3.970001417028786506e+01 9.023303190806608587e-01
1.458937275995295879e+00 4.506539520082406369e+01 1.002676388944534924e+00
5.084469051982154486e-01 4.391806858837880867e+01 9.459467521116105004e-01
1.462312891212567578e+00 4.439323700000144868e+01 1.002801566037309300e+00
6.242299266527661095e-01 4.204964014126807115e+01 9.568076572663403168e-01
7.688473026134423627e-01 4.330327346083872442e+01 9.679714538809011115e-01
1.471493508436228503e-01 3.861031733595282844e+01 8.839357907936548076e-01
3.687400251986265864e-01 4.251010731747567206e+01 9.292633176542114404e-01
2.385700735213090173e-01 3.938769703376914322e+01 9.073514899382797427e-01
3.786275631162778765e-01 4.046320156699914605e+01 9.306212045293118518e-01
2.372132572639239489e-01 3.995635736257770532e+01 9.070698141842030715e-01
3.947764467236923869e-01 4.117397941815209350e+01 9.327705888086029740e-01
4.664833780724894075e-01 4.388814938463109172e+01 9.414325038393573930e-01
1.805597843823096293e-01 4.053575585725889852e+01 8.937443279250986139e-01
7.132627123068724373e-01 4.328128807045123949e+01 9.639378822448497752e-01
5.896133892969176449e-01 4.151986021944494354e+01 9.537729493700481953e-01
3.557618767267089477e-01 4.215455895945549969e+01 9.274294375827148995e-01
5.525708268075962826e-01 4.156619562437118276e+01 9.503346995197538005e-01
2.132392904346199491e-01 3.869849257261564190e+01 9.018323421790622740e-01
5.978863262767942777e-01 4.385964694288299626e+01 9.545131379559919083e-01
1.161676000965026878e+00 4.482967915582057827e+01 9.903161155902825419e-01
3.952091050879957268e-01 4.250035490696576090e+01 9.328270575982974266e-01
6.861079933409981457e-01 4.339942271235488391e+01 9.618570454756742993e-01
2.490827636125258204e-01 4.125354958468752642e+01 9.094854914899513920e-01
7.407106963668297350e-01 4.266942430999551306e+01 9.659658560913007008e-01
3.736377953608581159e-01 4.053521916746557707e+01 9.299400603637070217e-01
2.924150652861496336e-01 4.149992894533654919e+01 9.174914362365476084e-01
6.073799191810387299e-01 4.200000125584192290e+01 9.553507862030709008e-01
1.131160388147192802e-01 3.797550162871698376e+01 8.715292891267424347e-01
9.030931887464564989e-01 4.338811265234129166e+01 9.766602629400858993e-01
6.671122225246173265e-02 3.737382644325899150e+01 8.471803688573765756e-01
